1	0.0195876	0	0.0045371
2	0.0226804	0	0.0048895
3	0.0412371	0	0.0066520
4	0.0288660	0	0.0055326
5	0.0474227	0	0.0071545
6	0.0556701	0	0.0077819
7	0.0618557	0	0.0082266
8	0.0752577	0	0.0091307
9	0.0721649	0	0.0089284
10	0.0690722	0	0.0087225
11	0.0690722	0	0.0087225
12	0.0505155	0	0.0073949
13	0.0525773	0	0.0075516
14	0.0402062	0	0.0065651
15	0.0443299	0	0.0069071
16	0.0443299	0	0.0069071
17	0.0288660	0	0.0055326
18	0.0206186	0	0.0046573
19	0.0206186	0	0.0046573
20	0.0185567	0	0.0044139
21	0.0185567	0	0.0044139
22	0.0154639	0	0.0040232
23	0.0123711	0	0.0035931
24	0.0134021	0	0.0037417
25	0.0041237	0	0.0020661
26	0.0103093	0	0.0032767
27	0.0103093	0	0.0032767
28	0.0041237	0	0.0020661
29	0.0051546	0	0.0023111
30	0.0051546	0	0.0023111
31	0.0020619	0	0.0014594
32	0.0020619	0	0.0014594
33	0.0030928	0	0.0017884
34		0	0		0
35		0	0		0
36	0.0020619	0	0.0014594
37		0	0		0	

