2.0    0.012833591102043504    0.001316265754055744
4.0    0.04541116851492316    0.004606930139195104
6.0    0.09707459936161111    0.011188258909473824
8.0    0.12603244595083749    0.014807989733127119
10.0    0.1464345651387015    0.010530126032445951
12.0    0.14248576787653428    0.008884793839876271
14.0    0.11912205074204482    0.0059231958932508474
16.0    0.09444206785349962    0.005265063016222976
18.0    0.07634341373523314    0.004606930139195104
20.0    0.05265063016222976    0.0036197308236532956
22.0    0.03323571028990753    0.0029615979466254237
24.0    0.02138931850340584    0.00164533219256968
26.0    0.012504524663529568    0.00164533219256968
28.0    0.0075685280858205275    0.00164533219256968
30.0    0.004935996577709039    0.000987199315541808
32.0    0.0036197308236532956    0.000987199315541808
34.0    0.001974398631083616    0.000987199315541808
36.0    0.001316265754055744    0.000329066438513936
38.0    0.000329066438513936    0.000329066438513936
40.0    0.0002303465069597552    9.871993155418079e-05
42.0    6.58132877027872e-05    6.58132877027872e-05
