2         0.0169         00      0.0054
4         0.0237        00       0.0028
6         0.0280        00        0.0022
8          0.0314       00       0.0021
10        0.0390        00      0.0022
12       0.0470         00      0.0023
14       0.0522         00      0.0024
16       0.0535         00      0.0025
18       0.0538         00      0.0025
20       0.0552         00      0.0025
22      0.0560          00      0.0025
24      0.0541          00      0.0025
26      0.0505          00      0.0024
28      0.0462          00      0.0023
30      0.0414          00      0.0022
32      0.0374          00      0.0021
34      0.0343          00      0.0020
36      0.0317          00      0.0019
38      0.0303          00      0.0019
40      0.0286          00      0.0018
42      0.0260          00      0.0017
44      0.0228          00      0.0016
46      0.0192          00      0.0015
48      0.0161          00      0.0013
50      0.0143          00      0.0013
52      0.0127          00      0.0012
54      0.0112          00      0.0012
56      0.0098          00      0.0011
58      0.0086          00      0.0010
60      0.0075          00     0.0009
62      0.0066           00      0.0009
64      0.0057           00      0.0008
66      0.0050          00      0.0008
68      0.0043          00      0.0007
70      0.0036          00      0.0006
72      0.0029          00      0.0006
74      0.0022          00      0.0005
76      0.0018          00      0.0004
78      0.0014           00      0.0004
80      0.0012          00      0.0004
83      0.0010          00      0.00024
87      0.00075         00      0.00021
91      0.00053         00      0.00017
95      0.00031         00      0.00013
99      0.00015         00      0.00009
106     0.00005         00      0.00003
116     0.00004         00      0.00003
