8       0.014   00      0.002
10      0.018   00      0.002
12      0.025   00      0.003
14      0.033   00      0.003
16      0.041   00      0.003
18      0.050   00      0.004
20      0.053   00      0.004
22      0.057   00      0.004
24      0.056   00      0.004
26      0.054   00      0.004
28      0.050   00      0.004
30      0.047   00      0.004
32      0.042   00      0.003
34      0.039   00      0.003
36      0.036   00      0.003
38      0.033   00      0.003
40      0.030   00      0.003
42      0.028   00      0.003
44      0.025   00      0.003
46      0.023   00      0.003
48      0.021   00      0.002
50      0.020   00      0.002
52      0.019   00      0.002
54      0.017   00      0.002
56      0.016   00      0.002
58      0.015   00      0.002
60      0.014   00      0.002
62      0.013   00      0.002
64      0.012   00      0.002
66      0.011   00      0.002
68      0.010   00      0.002
70      0.009   00      0.002
72      0.008   00      0.002
74      0.007   00      0.001
76      0.007   00      0.001
78      0.006   00      0.001
80      0.005   00      0.001   
82      0.004   00      0.001
84      0.004   00      0.001
86      0.003   00      0.001
88      0.0029  00      0.0009
90      0.0025  00      0.0008
92      0.0022  00      0.0008
94      0.0018  00      0.0007
96      0.0015  00      0.0007
98      0.0013  00      0.0006
100     0.0011  00      0.0006
102     0.0009  00      0.0006
104     0.0008  00      0.0005
107     0.0012  00      0.0006
