2       0.008   00      0.004
4       0.014   00      0.007
6       0.025   00      0.009
8       0.044   00      0.005
10      0.062   00      0.005
12      0.075   00      0.005
14      0.084   00      0.006
16      0.087   00      0.006
18      0.083   00      0.006
20      0.077   00      0.006
22      0.069   00      0.006
24      0.060   00      0.005
26      0.053   00      0.005
28      0.044   00      0.004
30      0.038   00      0.004
32      0.032   00      0.004
34      0.027   00      0.003
36      0.023   00      0.003
38      0.019   00      0.003
40      0.016   00      0.003
42      0.013   00      0.002
44      0.011   00      0.002
46      0.009   00      0.002
48      0.007   00      0.002
50      0.005   00      0.002
52      0.004   00      0.001
54      0.003   00      0.001
56      0.002   00      0.001
58      0.0014  00      0.0009

