1	0.0306818	0	0.0059907
2	0.0215909	0	0.0050041
3	0.0272727	0	0.0056391
4	0.0386364	0	0.0067473
5	0.0386364	0	0.0067473
6	0.0454545	0	0.0073414
7	0.0511364	0	0.007807
8	0.0534091	0	0.0079869
9	0.0556818	0	0.0081634
10	0.0693182	0	0.0091645
11	0.0534091	0	0.0079869
12	0.0715909	0	0.0093231
13	0.0431818	0	0.0071481
14	0.0375		0	0.0066439
15	0.0420455	0	0.0070497
16	0.0386364	0	0.0067473
17	0.0284091	0	0.0057584
18	0.0238636	0	0.0052665
19	0.0238636	0	0.0052665
20	0.0215909	0	0.0050041
21	0.0318182	0	0.0061038
22	0.0136364	0	0.003962
23	0.0170455	0	0.0044368
24	0.0193182	0	0.0047284
25	0.0125		0	0.0037913
26	0.0125	        0	0.0037913
27	0.0113636	0	0.003613
28	0.0079545	0	0.0030179
29	0.0045455	0	0.0022777
30	0.0068182	0	0.0027926
31	0.0079545	0	0.0030179
32	0.0079545	0	0.0030179
34	0.0041667	0	0.0018634
37	0.0028409	0	0.0012705
42	0.0022727	0	0.0009279
47	0.0019697	0	0.0008809

