 1.00   0.08000    0.00   0.00658
 2.00   0.10740    0.00   0.01623
 3.00   0.11510    0.00   0.00835
 4.00   0.11760    0.00   0.02135
 5.00   0.11650    0.00   0.01376
 6.00   0.09740    0.00   0.01687
 7.00   0.07960    0.00   0.01007
 8.00   0.06830    0.00   0.01148
 9.00   0.05120    0.00   0.01209
10.00   0.03700    0.00   0.01276
11.00   0.02520    0.00   0.00912
12.00   0.01790    0.00   0.00783
13.00   0.01390    0.00   0.00936
14.00   0.01110    0.00   0.01240
15.00   0.00660    0.00   0.00355
16.00   0.00440    0.00   0.00288
17.00   0.00290    0.00   0.00215
18.00   0.00140    0.00   0.00199
19.00   0.00100    0.00   0.00149
20.00   0.00060    0.00   0.00293
21.00   0.00050    0.00   0.00108
