2    0.009907755380936113    0.0017082336863682955
4    0.04646395626921764    0.004783054321831228
6    0.11615989067304408    0.012299282541851727
8    0.14554151007857877    0.012982576016399044
10    0.15715749914588317    0.01161598906730441
12    0.1462248035531261    0.011957635804578067
14    0.11581824393577043    0.009224461906388795
16    0.09463614622480357    0.00717458148274684
18    0.05910488554834302    0.004783054321831228
20    0.042364195421933724    0.0030748206354629317
22    0.02664844550734541    0.0020498804236419544
24    0.017765630338230275    0.0020498804236419544
26    0.01127434233003075    0.002391527160915614
28    0.0054663477963785454    0.0017082336863682955
30    0.0027331738981892727    0.0010249402118209772
32    0.0010249402118209772    0.0006832934745473182
34    0.0006832934745473182    0.0006832934745473182
36    0.0006832934745473182    0.0006832934745473182
38    0.0003416467372736591    0.0003416467372736591
