2.0    0.009215376513954713    0.0016456029489204844
4.0    0.036203264876250654    0.005595050026329647
6.0    0.08557135334386519    0.010202738283307002
8.0    0.11683780937335438    0.016456029489204844
10.0    0.1342812006319115    0.010860979462875196
12.0    0.13098999473407055    0.008228014744602422
14.0    0.11848341232227487    0.008228014744602422
16.0    0.10038177988414954    0.006582411795681938
18.0    0.07898894154818324    0.005595050026329647
20.0    0.0628620326487625    0.0042785676671932595
22.0    0.042785676671932595    0.003291205897840969
24.0    0.034228541337546076    0.002632964718272775
26.0    0.021721958925750393    0.0023038441284886782
28.0    0.012835703001579778    0.002632964718272775
30.0    0.00526592943654555    0.0009873617693522906
32.0    0.004936808846761453    0.0009873617693522906
34.0    0.0023038441284886782    0.0009873617693522906
36.0    0.0016456029489204844    0.0009873617693522906
38.0    0.00032912058978409685    0.0002303844128488678
40.0    0.00013164823591363875    9.873617693522905e-05
42.0    0.0    0.0
