2.0    0.011621150493898896    0.002178965717606043
4.0    0.09006391632771645    0.009079023823358512
6.0    0.14889599070307957    0.01561592097617664
8.0    0.17504357931435213    0.014889599070307959
10.0    0.1677803602556653    0.0152527600232423
12.0    0.13691167925624637    0.010168506682161535
14.0    0.09877977919814061    0.008715862870424172
16.0    0.07117954677513073    0.006536897152818129
18.0    0.04466879721092388    0.005084253341080767
20.0    0.02505810575246949    0.0039947704822777454
22.0    0.015979081929110982    0.0025421266705403837
24.0    0.00726321905868681    0.002905287623474724
26.0    0.0039947704822777454    0.002178965717606043
28.0    0.0018158047646717025    0.0010894828588030214
30.0    0.000726321905868681    0.0003631609529343405
32.0    0.00010894828588030215    0.00010894828588030215
34.0    0.00010894828588030215    0.00010894828588030215
